  10217 86
  10385 87
  10828 88
  10848 89
  11336 90
  11698 91
  11834 92
  11890 93
 119678 98
  12394 94
  13306 95
  18270 96
 229410 100
   2717 44
   2728 43
   2784 46
   2808 48
   2814 47
   2818 50
   2833 45
   2958 49
   2984 52
   2988 51
  30559 99
   3119 42
   3171 53
   3308 41
   3376 54
   3471 55
  36367 97
   3684 56
   3702 57
3737035 101
   3927 40
   3927 58
   4021 39
   4405 59
   4493 60
   4747 61
   4936 62
   5300 63
   5389 64
   5426 38
   5535 65
   5734 66
   6170 68
   6175 67
   6521 69
   6667 37
   6819 70
   7112 71
   7248 72
   7474 73
   7606 74
   7608 75
   7980 36
   8052 76
   8257 78
   8604 77
   8697 79
   8700 80
   8915 81
   8918 35
   9155 82
   9498 83
   9592 84
   9978 85
