  10030 90
  10576 91
  10682 92
  10745 93
   1100 50
  11117 94
  11702 95
 117549 100
   1214 51
   1282 52
  13615 99
   1417 53
   1491 54
   1521 55
  15614 96
   1821 56
   1859 57
   2011 58
   2358 59
   2505 60
   2702 61
   2888 62
  29230 97
   3112 63
   3380 64
   3522 65
   3726 66
4032734 101
   4161 67
    418 35
   4193 68
    455 37
   4567 69
   4893 70
    493 36
   5170 71
    538 38
    547 39
   5548 72
   5748 73
    608 40
   6102 75
   6109 74
    630 42
   6673 76
    686 41
   6945 78
   6951 77
    718 44
    727 43
   7334 80
   7404 79
    772 45
   7766 81
   7977 82
    805 46
   8314 83
   8433 84
    873 47
   8886 85
  89328 98
   9138 86
   9182 87
    937 48
    958 49
   9691 88
   9723 89
