  10614 77
 108801 97
  11206 78
   1216 35
  12583 79
   1288 36
   1314 39
  13180 80
   1334 38
   1362 42
   1370 40
  13956 81
   1409 37
   1461 41
   1499 44
  15128 82
   1531 43
   1564 45
   1573 46
15880124 101
  16263 83
   1648 47
   1741 48
   1743 49
  17702 84
   1818 50
  19009 85
   1934 52
   1950 51
   2070 53
  20791 86
  21703 87
   2193 54
   2228 55
   2313 56
  23634 88
   2421 57
   2504 58
  25421 89
   2608 59
  27496 90
   2832 60
  29362 91
   2943 61
  31100 92
  32909 93
   3368 62
 349933 98
   3500 63
  35209 94
   3640 64
   3788 65
  38689 95
   4195 66
   4622 67
 464290 100
   5014 68
  53895 96
   5444 69
  54719 99
   5871 70
   6536 71
   7316 72
   8003 73
   8320 74
   8819 75
   9593 76
